
===== A carries lane id (-> row map) =====
lane :  d0   d1   d2   d3   d4   d5   d6   d7   (value = supplying lane + 1)
   0 :    1    1    3    3    1    1    3    3
   1 :    2    2    4    4    2    2    4    4
   2 :    1    1    3    3    1    1    3    3
   3 :    2    2    4    4    2    2    4    4
   4 :    5    5    7    7    5    5    7    7
   5 :    6    6    8    8    6    6    8    8
   6 :    5    5    7    7    5    5    7    7
   7 :    6    6    8    8    6    6    8    8
   8 :    9    9   11   11    9    9   11   11
   9 :   10   10   12   12   10   10   12   12
  10 :    9    9   11   11    9    9   11   11
  11 :   10   10   12   12   10   10   12   12
  12 :   13   13   15   15   13   13   15   15
  13 :   14   14   16   16   14   14   16   16
  14 :   13   13   15   15   13   13   15   15
  15 :   14   14   16   16   14   14   16   16
  16 :   17   17   19   19   17   17   19   19
  17 :   18   18   20   20   18   18   20   20
  18 :   17   17   19   19   17   17   19   19
  19 :   18   18   20   20   18   18   20   20
  20 :   21   21   23   23   21   21   23   23
  21 :   22   22   24   24   22   22   24   24
  22 :   21   21   23   23   21   21   23   23
  23 :   22   22   24   24   22   22   24   24
  24 :   25   25   27   27   25   25   27   27
  25 :   26   26   28   28   26   26   28   28
  26 :   25   25   27   27   25   25   27   27
  27 :   26   26   28   28   26   26   28   28
  28 :   29   29   31   31   29   29   31   31
  29 :   30   30   32   32   30   30   32   32
  30 :   29   29   31   31   29   29   31   31
  31 :   30   30   32   32   30   30   32   32

===== B carries lane id (-> column map) =====
lane :  d0   d1   d2   d3   d4   d5   d6   d7   (value = supplying lane + 1)
   0 :    1    2    1    2   17   18   17   18
   1 :    1    2    1    2   17   18   17   18
   2 :    3    4    3    4   19   20   19   20
   3 :    3    4    3    4   19   20   19   20
   4 :    5    6    5    6   21   22   21   22
   5 :    5    6    5    6   21   22   21   22
   6 :    7    8    7    8   23   24   23   24
   7 :    7    8    7    8   23   24   23   24
   8 :    9   10    9   10   25   26   25   26
   9 :    9   10    9   10   25   26   25   26
  10 :   11   12   11   12   27   28   27   28
  11 :   11   12   11   12   27   28   27   28
  12 :   13   14   13   14   29   30   29   30
  13 :   13   14   13   14   29   30   29   30
  14 :   15   16   15   16   31   32   31   32
  15 :   15   16   15   16   31   32   31   32
  16 :    1    2    1    2   17   18   17   18
  17 :    1    2    1    2   17   18   17   18
  18 :    3    4    3    4   19   20   19   20
  19 :    3    4    3    4   19   20   19   20
  20 :    5    6    5    6   21   22   21   22
  21 :    5    6    5    6   21   22   21   22
  22 :    7    8    7    8   23   24   23   24
  23 :    7    8    7    8   23   24   23   24
  24 :    9   10    9   10   25   26   25   26
  25 :    9   10    9   10   25   26   25   26
  26 :   11   12   11   12   27   28   27   28
  27 :   11   12   11   12   27   28   27   28
  28 :   13   14   13   14   29   30   29   30
  29 :   13   14   13   14   29   30   29   30
  30 :   15   16   15   16   31   32   31   32
  31 :   15   16   15   16   31   32   31   32

MAP_DONE
DONE 
