2 0 48 1 1 1 16 0 0 0 0 0 0 0 0 0 0 0 0 0 0 0 0 2 0 48 1 1 1 4 192 192 192 0 48 1 1 1 4 192 192 192 node_38
2 0 48 8 1 1 16 0 0 0 0 0 0 0 0 0 0 0 0 0 0 0 0 2 0 48 8 1 1 4 192 1536 1536 0 48 1 1 1 4 192 192 192 node_38
2 0 5120 1 1 1 16 0 0 0 0 0 0 0 0 0 0 0 0 0 0 0 0 2 0 5120 1 1 1 4 20480 20480 20480 0 5120 1 1 1 4 20480 20480 20480 attn_residual-0
2 0 5120 8 1 1 16 0 0 0 0 0 0 0 0 0 0 0 0 0 0 0 0 2 0 5120 8 1 1 4 20480 163840 163840 0 5120 8 1 1 4 20480 163840 163840 attn_residual-0
7 0 48 1 1 1 16 0 0 0 0 0 0 0 0 0 0 0 0 0 0 0 0 2 0 48 1 1 1 4 192 192 192 0 48 1 1 1 4 192 192 192 gate-0
7 0 48 8 1 1 16 0 0 0 0 0 0 0 0 0 0 0 0 0 0 0 0 2 0 48 8 1 1 4 192 1536 1536 0 48 1 1 1 4 192 192 192 gate-0
7 0 128 48 1 1 16 0 0 0 0 0 0 0 0 0 0 0 0 0 0 0 0 2 0 128 48 1 1 4 512 24576 24576 0 128 1 1 1 4 512 512 512 node_52
7 0 128 48 1 1 16 0 0 0 0 0 0 0 0 0 0 0 0 0 0 0 0 2 0 128 48 1 1 4 512 24576 24576 0 128 48 1 1 4 512 24576 24576 node_56
7 0 128 48 8 1 16 0 0 0 0 0 0 0 0 0 0 0 0 0 0 0 0 2 0 128 48 8 1 4 512 24576 196608 0 128 1 1 1 4 512 512 512 node_52
7 0 128 48 8 1 16 0 0 0 0 0 0 0 0 0 0 0 0 0 0 0 0 2 0 128 48 8 1 4 512 24576 196608 0 128 48 8 1 4 512 24576 196608 node_56
7 0 256 4 1 1 16 0 0 0 0 0 0 0 0 0 0 0 0 0 0 0 0 2 0 256 4 1 1 4 1024 4096 4096 0 256 1 1 1 4 1024 1024 1024 Kcur_normed-3
7 0 256 4 8 1 16 0 0 0 0 0 0 0 0 0 0 0 0 0 0 0 0 2 0 256 4 8 1 4 1024 4096 32768 0 256 1 1 1 4 1024 1024 1024 Kcur_normed-3
7 0 256 24 1 1 16 0 0 0 0 0 0 0 0 0 0 0 0 0 0 0 0 2 0 256 24 1 1 4 1024 24576 24576 0 256 1 1 1 4 1024 1024 1024 Qcur_normed-3
7 0 256 24 8 1 16 0 0 0 0 0 0 0 0 0 0 0 0 0 0 0 0 2 0 256 24 8 1 4 1024 24576 196608 0 256 1 1 1 4 1024 1024 1024 Qcur_normed-3
7 0 5120 1 1 1 16 0 0 0 0 0 0 0 0 0 0 0 0 0 0 0 0 2 0 5120 1 1 1 4 20480 20480 20480 0 5120 1 1 1 4 20480 20480 20480 attn_norm-0
7 0 5120 8 1 1 16 0 0 0 0 0 0 0 0 0 0 0 0 0 0 0 0 2 0 5120 8 1 1 4 20480 163840 163840 0 5120 1 1 1 4 20480 20480 20480 attn_norm-0
7 0 6144 1 1 1 16 0 0 0 0 0 0 0 0 0 0 0 0 0 0 0 0 2 0 6144 1 1 1 4 24576 24576 24576 0 6144 1 1 1 4 24576 24576 24576 attn_gated-3
7 0 6144 8 1 1 16 0 0 0 0 0 0 0 0 0 0 0 0 0 0 0 0 2 0 6144 8 1 1 4 24576 196608 196608 0 6144 8 1 1 4 24576 196608 196608 attn_gated-3
22 0 4 10240 1 1 16 0 0 0 0 0 0 0 0 0 0 0 0 0 0 0 0 2 0 3 10240 1 1 4 12 122880 122880 0 1 10240 1 1 40960 4 40960 40960 conv_input-0
22 0 11 10240 1 1 16 0 0 0 0 0 0 0 0 0 0 0 0 0 0 0 0 2 0 3 10240 1 1 4 12 122880 122880 0 8 10240 1 1 40960 4 327680 327680 conv_input-0
25 0 128 16 1 1 16 839268285 0 0 0 0 0 0 0 0 0 0 0 0 0 0 0 1 0 128 16 1 1 4 512 40960 40960 node_30
25 0 128 16 8 1 16 839268285 0 0 0 0 0 0 0 0 0 0 0 0 0 0 0 1 0 128 16 8 1 4 512 40960 327680 node_30
25 0 128 48 1 1 16 897988541 0 0 0 0 0 0 0 0 0 0 0 0 0 0 0 1 0 128 48 1 1 4 512 24576 24576 norm-0
25 0 128 48 8 1 16 897988541 0 0 0 0 0 0 0 0 0 0 0 0 0 0 0 1 0 128 48 8 1 4 512 24576 196608 norm-0
25 0 256 4 1 1 16 897988541 0 0 0 0 0 0 0 0 0 0 0 0 0 0 0 1 0 256 4 1 1 4 1024 4096 4096 norm-3
25 0 256 4 8 1 16 897988541 0 0 0 0 0 0 0 0 0 0 0 0 0 0 0 1 0 256 4 8 1 4 1024 4096 32768 norm-3
25 0 256 24 1 1 16 897988541 0 0 0 0 0 0 0 0 0 0 0 0 0 0 0 1 0 256 24 1 1 4 2048 49152 49152 norm-3
25 0 256 24 8 1 16 897988541 0 0 0 0 0 0 0 0 0 0 0 0 0 0 0 1 0 256 24 8 1 4 2048 49152 393216 norm-3
25 0 5120 1 1 1 16 897988541 0 0 0 0 0 0 0 0 0 0 0 0 0 0 0 1 0 5120 1 1 1 4 20480 20480 20480 norm-0
25 0 5120 8 1 1 16 897988541 0 0 0 0 0 0 0 0 0 0 0 0 0 0 0 1 0 5120 8 1 1 4 20480 163840 163840 norm-0
29 0 48 1 1 1 16 0 0 0 0 0 0 0 0 0 0 0 0 0 0 0 0 2 8 5120 48 1 1 34 5440 261120 261120 0 5120 1 1 1 4 20480 20480 20480 node_36
29 0 48 8 1 1 16 0 0 0 0 0 0 0 0 0 0 0 0 0 0 0 0 2 8 5120 48 1 1 34 5440 261120 261120 0 5120 8 1 1 4 20480 163840 163840 node_36
29 0 1024 1 1 1 16 0 0 0 0 0 0 0 0 0 0 0 0 0 0 0 0 2 8 5120 1024 1 1 34 5440 5570560 5570560 0 5120 1 1 1 4 20480 20480 20480 Vcur-3
29 0 1024 8 1 1 16 0 0 0 0 0 0 0 0 0 0 0 0 0 0 0 0 2 8 5120 1024 1 1 34 5440 5570560 5570560 0 5120 8 1 1 4 20480 163840 163840 Vcur-3
29 0 5120 1 1 1 16 0 0 0 0 0 0 0 0 0 0 0 0 0 0 0 0 2 8 6144 5120 1 1 34 6528 33423360 33423360 0 6144 1 1 1 4 24576 24576 24576 linear_attn_out-0
29 0 5120 1 1 1 16 0 0 0 0 0 0 0 0 0 0 0 0 0 0 0 0 2 8 17408 5120 1 1 34 18496 94699520 94699520 0 17408 1 1 1 4 69632 69632 69632 ffn_out-0
29 0 5120 8 1 1 16 0 0 0 0 0 0 0 0 0 0 0 0 0 0 0 0 2 8 6144 5120 1 1 34 6528 33423360 33423360 0 6144 8 1 1 4 24576 196608 196608 linear_attn_out-0
29 0 5120 8 1 1 16 0 0 0 0 0 0 0 0 0 0 0 0 0 0 0 0 2 8 17408 5120 1 1 34 18496 94699520 94699520 0 17408 8 1 1 4 69632 557056 557056 ffn_out-0
29 0 6144 1 1 1 16 0 0 0 0 0 0 0 0 0 0 0 0 0 0 0 0 2 8 5120 6144 1 1 34 5440 33423360 33423360 0 5120 1 1 1 4 20480 20480 20480 z-0
29 0 6144 8 1 1 16 0 0 0 0 0 0 0 0 0 0 0 0 0 0 0 0 2 8 5120 6144 1 1 34 5440 33423360 33423360 0 5120 8 1 1 4 20480 163840 163840 z-0
29 0 10240 1 1 1 16 0 0 0 0 0 0 0 0 0 0 0 0 0 0 0 0 2 8 5120 10240 1 1 34 5440 55705600 55705600 0 5120 1 1 1 4 20480 20480 20480 node_13
29 0 10240 8 1 1 16 0 0 0 0 0 0 0 0 0 0 0 0 0 0 0 0 2 8 5120 10240 1 1 34 5440 55705600 55705600 0 5120 8 1 1 4 20480 163840 163840 node_13
29 0 12288 1 1 1 16 0 0 0 0 0 0 0 0 0 0 0 0 0 0 0 0 2 8 5120 12288 1 1 34 5440 66846720 66846720 0 5120 1 1 1 4 20480 20480 20480 Qcur_full-3
29 0 12288 8 1 1 16 0 0 0 0 0 0 0 0 0 0 0 0 0 0 0 0 2 8 5120 12288 1 1 34 5440 66846720 66846720 0 5120 8 1 1 4 20480 163840 163840 Qcur_full-3
29 0 17408 1 1 1 16 0 0 0 0 0 0 0 0 0 0 0 0 0 0 0 0 2 8 5120 17408 1 1 34 5440 94699520 94699520 0 5120 1 1 1 4 20480 20480 20480 ffn_gate-0
29 0 17408 8 1 1 16 0 0 0 0 0 0 0 0 0 0 0 0 0 0 0 0 2 8 5120 17408 1 1 34 5440 94699520 94699520 0 5120 8 1 1 4 20480 163840 163840 ffn_gate-0
29 0 248320 1 1 1 16 0 0 0 0 0 0 0 0 0 0 0 0 0 0 0 0 2 8 5120 248320 1 1 34 5440 1350860800 1350860800 0 5120 1 1 1 4 20480 20480 20480 result_output
29 0 248320 8 1 1 16 0 0 0 0 0 0 0 0 0 0 0 0 0 0 0 0 2 8 5120 248320 1 1 34 5440 1350860800 1350860800 0 5120 8 1 1 4 20480 163840 163840 result_output
32 0 128 16 1 1 16 1035273459 0 0 0 0 0 0 0 0 0 0 0 0 0 0 0 1 0 128 16 1 1 4 512 8192 8192 q_conv_predelta-0
32 0 128 16 8 1 16 1035273459 0 0 0 0 0 0 0 0 0 0 0 0 0 0 0 1 0 128 16 8 1 4 512 8192 65536 q_conv_predelta-0
32 0 30720 1 1 1 16 0 0 0 0 0 0 0 0 0 0 0 0 0 0 0 0 1 0 30720 1 1 1 4 122880 122880 122880 cache_r_l0 (reshaped) (view) (view)
32 0 786432 1 1 1 16 0 0 0 0 0 0 0 0 0 0 0 0 0 0 0 0 1 0 786432 1 1 1 4 3145728 3145728 3145728 cache_s_l0 (reshaped) (view) (view)
34 0 30720 0 1 1 16 0 0 0 0 0 0 0 0 0 0 0 0 0 0 0 0 2 0 30720 0 1 1 4 122880 0 0 0 30720 0 1 1 4 122880 0 0 cache_r_l0 (view) (copy of )
34 0 30720 1 1 1 16 0 0 0 0 0 0 0 0 0 0 0 0 0 0 0 0 2 0 3 10240 1 1 4 16 163840 163840 0 30720 1 1 1 4 122880 122880 122880 conv_state_update-0 (copy of conv_state_last-0)
34 0 30720 1 1 1 16 0 0 0 0 0 0 0 0 0 0 0 0 0 0 0 0 2 0 3 10240 1 1 4 44 450560 450560 0 30720 1 1 1 4 122880 122880 122880 conv_state_update-0 (copy of conv_state_last-0)
34 0 786432 0 1 1 16 0 0 0 0 0 0 0 0 0 0 0 0 0 0 0 0 2 0 786432 0 1 1 4 3145728 0 0 0 786432 0 1 1 4 3145728 0 0 cache_s_l0 (view) (copy of )
34 0 786432 1 1 1 16 0 0 0 0 0 0 0 0 0 0 0 0 0 0 0 0 2 0 128 128 48 1 4 512 65536 3145728 0 786432 1 1 1 4 3145728 3145728 3145728 cache_s_l0 (view) (copy of new_state-0)
35 0 6144 1 1 1 16 0 0 0 0 0 0 0 0 0 0 0 0 0 0 0 0 1 0 256 24 1 1 4 2048 49152 49152 gate_reshaped-3
35 0 6144 8 1 1 16 0 0 0 0 0 0 0 0 0 0 0 0 0 0 0 0 1 0 256 24 8 1 4 2048 49152 393216 gate_reshaped-3
40 0 5120 1 1 1 16 0 0 0 0 0 0 0 0 0 0 0 0 0 0 0 0 2 0 5120 1 1 1 4 20480 20480 20480 26 1 1 1 1 4 4 4 4 result_norm
40 0 5120 1 1 1 16 0 0 0 0 0 0 0 0 0 0 0 0 0 0 0 0 2 8 5120 248320 1 1 34 5440 1350860800 1350860800 26 1 1 1 1 4 4 4 4 model.input_embed
40 0 5120 8 1 1 16 0 0 0 0 0 0 0 0 0 0 0 0 0 0 0 0 2 0 5120 8 1 1 4 20480 163840 163840 26 8 1 1 1 4 32 32 32 result_norm
40 0 5120 8 1 1 16 0 0 0 0 0 0 0 0 0 0 0 0 0 0 0 0 2 8 5120 248320 1 1 34 5440 1350860800 1350860800 26 8 1 1 1 4 32 32 32 model.input_embed
40 0 30720 0 1 1 16 0 0 0 0 0 0 0 0 0 0 0 0 0 0 0 0 2 0 30720 1 1 1 4 122880 122880 122880 26 0 1 1 1 4 0 0 0 node_9
40 0 30720 1 1 1 16 0 0 0 0 0 0 0 0 0 0 0 0 0 0 0 0 2 0 30720 1 1 1 4 122880 122880 122880 26 1 1 1 1 4 4 4 4 conv_states-0
40 0 786432 0 1 1 16 0 0 0 0 0 0 0 0 0 0 0 0 0 0 0 0 2 0 786432 1 1 1 4 3145728 3145728 3145728 26 0 1 1 1 4 0 0 0 node_24
40 0 786432 1 1 1 16 0 0 0 0 0 0 0 0 0 0 0 0 0 0 0 0 2 0 786432 1 1 1 4 3145728 3145728 3145728 26 1 1 1 1 4 4 4 4 node_23
42 1 1024 262144 1 1 16 0 0 0 0 0 0 0 0 0 0 0 0 0 0 0 0 3 0 1024 1 1 1 4 4096 4096 4096 27 1 1 1 1 8 8 8 8 1 1024 262144 1 1 2 2048 536870912 536870912 cache_k_l3 (view)
42 1 1024 262144 1 1 16 0 0 0 0 0 0 0 0 0 0 0 0 0 0 0 0 3 0 1024 8 1 1 4 4096 32768 32768 27 8 1 1 1 8 64 64 64 1 1024 262144 1 1 2 2048 536870912 536870912 cache_k_l3 (view)
48 0 256 4 1 1 16 0 64 40 0 262144 1259902592 1065353216 0 1065353216 1107296256 1065353216 11 11 10 0 0 2 0 256 4 1 1 4 1024 4096 4096 26 4 1 1 1 4 16 16 16 Kcur-3
48 0 256 4 8 1 16 0 64 40 0 262144 1259902592 1065353216 0 1065353216 1107296256 1065353216 11 11 10 0 0 2 0 256 4 8 1 4 1024 4096 32768 26 32 1 1 1 4 128 128 128 Kcur-3
48 0 256 24 1 1 16 0 64 40 0 262144 1259902592 1065353216 0 1065353216 1107296256 1065353216 11 11 10 0 0 2 0 256 24 1 1 4 1024 24576 24576 26 4 1 1 1 4 16 16 16 Qcur-3
48 0 256 24 8 1 16 0 64 40 0 262144 1259902592 1065353216 0 1065353216 1107296256 1065353216 11 11 10 0 0 2 0 256 24 8 1 4 1024 24576 196608 26 32 1 1 1 4 128 128 128 Qcur-3
74 0 256 24 1 1 16 1031798784 0 0 10 0 0 0 0 0 0 0 0 0 0 0 0 4 0 256 1 24 1 4 24576 1024 24576 1 256 262144 4 1 2 2048 512 536870912 1 256 262144 4 1 2 2048 512 536870912 1 262144 1 1 1 2 524288 524288 524288 node_222
74 0 256 24 8 1 16 1031798784 0 0 10 0 0 0 0 0 0 0 0 0 0 0 0 4 0 256 8 24 1 4 24576 1024 196608 1 256 262144 4 1 2 2048 512 536870912 1 256 262144 4 1 2 2048 512 536870912 1 262144 8 1 1 2 524288 4194304 4194304 node_222
76 0 10240 1 1 1 16 0 0 0 0 0 0 0 0 0 0 0 0 0 0 0 0 2 0 4 10240 1 1 4 16 163840 163840 0 4 10240 1 1 4 16 163840 163840 conv_output_raw-0
76 0 10240 8 1 1 16 0 0 0 0 0 0 0 0 0 0 0 0 0 0 0 0 2 0 11 10240 1 1 4 44 450560 450560 0 4 10240 1 1 4 16 163840 163840 conv_output_raw-0
86 0 6144 129 1 1 16 1 0 0 0 0 0 0 0 0 0 0 0 0 0 0 0 6 0 128 16 1 1 4 512 8192 8192 0 128 16 1 1 4 512 8192 8192 0 128 48 1 1 4 512 40960 40960 0 1 48 1 1 4 4 192 192 0 1 48 1 1 4 4 192 192 0 128 128 48 1 4 512 65536 3145728 node_46
86 0 6144 136 1 1 16 1 0 0 0 0 0 0 0 0 0 0 0 0 0 0 0 6 0 128 16 8 1 4 512 8192 65536 0 128 16 8 1 4 512 8192 65536 0 128 48 8 1 4 512 40960 327680 0 1 48 8 1 4 4 192 1536 0 1 48 8 1 4 4 192 1536 0 128 128 48 1 4 512 65536 3145728 node_46
91 0 1 48 1 1 16 7 0 0 0 0 0 0 0 0 0 0 0 0 0 0 0 1 0 1 48 1 1 4 4 192 192 beta_sigmoid-0
91 0 1 48 8 1 16 7 0 0 0 0 0 0 0 0 0 0 0 0 0 0 0 1 0 1 48 8 1 4 4 192 1536 beta_sigmoid-0
91 0 48 1 1 1 16 15 0 0 0 0 0 0 0 0 0 0 0 0 0 0 0 1 0 48 1 1 1 4 192 192 192 a_softplus-0
91 0 48 8 1 1 16 15 0 0 0 0 0 0 0 0 0 0 0 0 0 0 0 1 0 48 8 1 1 4 192 1536 1536 a_softplus-0
91 0 128 48 1 1 16 10 0 0 0 0 0 0 0 0 0 0 0 0 0 0 0 1 0 128 48 1 1 4 512 24576 24576 node_55
91 0 128 48 8 1 16 10 0 0 0 0 0 0 0 0 0 0 0 0 0 0 0 1 0 128 48 8 1 4 512 24576 196608 node_55
91 0 6144 1 1 1 16 7 0 0 0 0 0 0 0 0 0 0 0 0 0 0 0 1 0 6144 1 1 1 4 24576 24576 24576 gate_sigmoid-3
91 0 6144 8 1 1 16 7 0 0 0 0 0 0 0 0 0 0 0 0 0 0 0 1 0 6144 8 1 1 4 24576 196608 196608 gate_sigmoid-3
91 0 10240 1 1 1 16 10 0 0 0 0 0 0 0 0 0 0 0 0 0 0 0 1 0 10240 1 1 1 4 40960 40960 40960 conv_output_silu-0
91 0 10240 8 1 1 16 10 0 0 0 0 0 0 0 0 0 0 0 0 0 0 0 1 0 10240 8 1 1 4 40960 327680 327680 conv_output_silu-0
100 0 17408 1 1 1 16 2 0 0 0 0 0 0 0 0 0 0 0 0 0 0 0 2 0 17408 1 1 1 4 69632 69632 69632 0 17408 1 1 1 4 69632 69632 69632 ffn_swiglu-0
100 0 17408 8 1 1 16 2 0 0 0 0 0 0 0 0 0 0 0 0 0 0 0 2 0 17408 8 1 1 4 69632 557056 557056 0 17408 8 1 1 4 69632 557056 557056 ffn_swiglu-0
